INTRA4X4_LUMA =
16,19,24,32
19,24,32,48
24,32,48,96
32,48,96,192

INTRA4X4_CHROMAU =
16,19,24,32
19,24,32,48
24,32,48,96
32,48,96,192

INTRA4X4_CHROMAV =
16,19,24,32
19,24,32,48
24,32,48,96
32,48,96,192

INTER4X4_LUMA =
16,19,24,32
19,24,32,48
24,32,48,96
32,48,96,192

INTER4X4_CHROMAU =
16,19,24,32
19,24,32,48
24,32,48,96
32,48,96,192

INTER4X4_CHROMAV =
16,19,24,32
19,24,32,48
24,32,48,96
32,48,96,192

INTRA8X8_LUMA =
16,17,19,20,22,25,28,32
17,19,20,22,25,28,32,37
19,20,22,25,28,32,37,45
20,22,25,28,32,37,45,56
22,25,28,32,37,45,56,75
25,28,32,37,45,56,75,112
28,32,37,45,56,75,112,224
32,37,45,56,75,112,224,255

INTRA8X8_CHROMAU =
16,17,19,20,22,25,28,32
17,19,20,22,25,28,32,37
19,20,22,25,28,32,37,45
20,22,25,28,32,37,45,56
22,25,28,32,37,45,56,75
25,28,32,37,45,56,75,112
28,32,37,45,56,75,112,224
32,37,45,56,75,112,224,255

INTRA8X8_CHROMAV =
16,17,19,20,22,25,28,32
17,19,20,22,25,28,32,37
19,20,22,25,28,32,37,45
20,22,25,28,32,37,45,56
22,25,28,32,37,45,56,75
25,28,32,37,45,56,75,112
28,32,37,45,56,75,112,224
32,37,45,56,75,112,224,255

INTER8X8_LUMA =
16,17,19,20,22,25,28,32
17,19,20,22,25,28,32,37
19,20,22,25,28,32,37,45
20,22,25,28,32,37,45,56
22,25,28,32,37,45,56,75
25,28,32,37,45,56,75,112
28,32,37,45,56,75,112,224
32,37,45,56,75,112,224,255

INTER8X8_CHROMAU =
16,17,19,20,22,25,28,32
17,19,20,22,25,28,32,37
19,20,22,25,28,32,37,45
20,22,25,28,32,37,45,56
22,25,28,32,37,45,56,75
25,28,32,37,45,56,75,112
28,32,37,45,56,75,112,224
32,37,45,56,75,112,224,255

INTER8X8_CHROMAV =
16,17,19,20,22,25,28,32
17,19,20,22,25,28,32,37
19,20,22,25,28,32,37,45
20,22,25,28,32,37,45,56
22,25,28,32,37,45,56,75
25,28,32,37,45,56,75,112
28,32,37,45,56,75,112,224
32,37,45,56,75,112,224,255

INTRA16X16_LUMA =
16,17,19,20,22,25,28,32
17,19,20,22,25,28,32,37
19,20,22,25,28,32,37,45
20,22,25,28,32,37,45,56
22,25,28,32,37,45,56,75
25,28,32,37,45,56,75,112
28,32,37,45,56,75,112,224
32,37,45,56,75,112,224,255

INTER16X16_LUMA =
16,17,19,20,22,25,28,32
17,19,20,22,25,28,32,37
19,20,22,25,28,32,37,45
20,22,25,28,32,37,45,56
22,25,28,32,37,45,56,75
25,28,32,37,45,56,75,112
28,32,37,45,56,75,112,224
32,37,45,56,75,112,224,255

INTRA16X16_LUMA_DC =
16

INTER16X16_LUMA_DC =
16